242
585
326
666
228
286
362
427
258
440
476
741
532
490
387
259
463
280
406
235
551
243
412
495
181
293
221
641
665
670
461
189
652
287
700
626
264
482
402
186
224
294
679
650
660
615
452
268
390
740
282
739
391
265
492
729
510
222
261
197
239
522
255
354
757
183
745
281
731
485
645
568
238
726
307
251
381
583
515
415
602
546
193
210
350
765
556
285
373
597
379
457
506
555
371
351
322
347
267
182
618
349
501
604
595
230
591
563
647
580
329
314
497
250
639
364
212
433
344
361
557
701
713
291
396
744
538
508
548
760
407
236
582
499
353
465
456
575
612
394
413
311
488
603
486
458
277
245
514
434
601
366
747
648
327
723
308
207
474
574
380
668
550
438
283
275
227
742
328
397
466
273
753
247
646
435
539
240
573
649
333
191
195
338
565
625
346
489
459
312
554
483
613
455
674
467
688
748
185
399
695
194
475
429
257
702
378
651
246
428
284
523
516
517
345
343
386
657
332
376
736
704
559
263
654
566
385
694
567
705
683
487
535
359
479
663
270
253
521
577
241
540
676
449
303
444
725
667
542
306
216
669
594
513
384
431
552
596
526
321
619
494
198
473
543
451
536
323
262
358
377
269
611
330
653
369
315
578
720
484
471
693
272
360
661
629
610
226
430
527
717
204
751
220
192
706
317
621
254
418
560
237
759
244
395
274
348
355
290
640
382
305
316
581
763
297
436
498
762
393
593
703
589
292
638
743
664
477
617
728
636
644
447
616
754
698
342
689
301
599
472
588
708
592
697
398
531
341
200
296
225
331
392
712
443
677
715
500
180
403
721
598
699
696
372
714
439
278
561
411
363
231
528
524
414
248
319
628
424
441
529
256
756
607
643
214
766
662
196
722
767
659
735
691
401
232
493
730
761
558
219
738
635
707
478
749
233
190
464
266
675
223
692
295
631
335
481
686
211
469
218
541
627
710
426
454
549
356
682
300
569
537
298
504
179
388
304
571
209
750
590
562
462
187
299
656
318
734
687
680
491
389
302
203
374
752
276
509
724
215
764
518
622
727
733
325
324
564
634
496
718
184
572
408
468
624
511
630
620
719
505
658
637
365
229
205
313
446
453
450
383
460
188
310
606
609
678
519
404
416
507
737
579
320
632
512
584
553
570
716
409
417
370
671
252
605
249
234
425
525
367
405
339
206
503
1176
807
804
152
7
943
1080
66
1130
1059
949
1061
863
133
28
866
586
997
101
984
1051
29
448
170
530
865
104
839
357
18
1010
1056
1034
94
1094
1019
1048
432
89
894
160
164
937
127
847
422
952
32
1151
162
932
156
1117
787
1132
136
587
938
334
986
150
44
77
936
771
904
400
1089
955
1096
1156
84
82
813
1118
1163
928
131
38
168
544
1053
951
784
889
981
1044
935
1143
1009
797
17
801
260
962
924
956
1167
65
49
68
1004
146
48
796
916
909
1174
905
1086
884
1165
113
614
480
122
974
868
835
137
37
872
158
47
91
90
80
1171
58
1031
947
809
873
1007
800
1021
533
994
808
1006
1111
1057
163
769
950
166
1038
861
1097
946
977
922
55
53
963
929
106
15
33
34
69
792
1028
970
119
908
10
811
1113
892
1012
288
841
1114
1082
23
1159
1035
1128
830
42
978
139
437
118
857
107
982
547
781
1090
888
1072
1065
775
1095
143
991
70
1124
502
1179
957
820
779
1180
608
967
175
64
776
709
25
856
1136
148
1170
968
27
855
1155
1084
1014
886
120
846
815
13
5
915
81
623
959
54
9
1050
1058
998
142
368
128
995
1189
983
336
996
1187
88
116
1018
1091
1008
92
103
826
746
1078
1029
1049
217
755
169
914
788
870
1015
942
1158
52
941
1054
795
1186
1131
973
21
961
883
849
138
114
1016
829
1107
14
1153
153
907
975
1168
1052
129
63
1060
786
845
1025
878
789
772
1043
990
1125
989
534
944
985
165
780
1154
26
199
1146
901
176
927
1017
836
817
1145
30
785
672
108
758
375
1
1104
11
891
31
60
72
1066
1041
145
57
112
933
43
1037
898
3
35
880
993
1073
1000
673
1068
45
51
1141
1140
1098
912
913
50
940
923
140
79
802
1075
823
778
1182
1161
885
681
969
8
1077
1108
126
1133
881
1070
1045
1126
655
61
875
867
1024
1105
110
171
939
419
843
930
83
73
895
877
965
862
911
777
46
782
1063
6
919
75
690
925
442
864
445
903
1121
842
1042
87
39
1046
1149
931
1166
159
1033
545
144
816
99
1023
1116
102
20
790
1172
121
1160
177
1003
902
1106
1169
1047
36
837
151
1129
1185
882
1093
1040
874
972
1122
960
1150
105
987
887
1039
1103
821
768
86
420
1123
421
130
178
1074
470
100
1069
1088
793
684
825
812
799
851
1139
309
117
149
798
824
1175
773
1027
1135
76
893
12
822
953
40
213
22
16
900
289
814
1188
271
1055
1134
806
1162
774
85
791
966
600
848
1109
783
173
1083
805
860
917
172
1112
685
1120
1001
279
1071
979
96
906
124
1076
423
1011
340
732
1142
59
642
520
858
62
819
827
115
948
1184
876
109
964
208
1026
167
1085
711
833
125
988
976
1148
1157
174
1102
633
337
1147
1100
838
1183
352
1005
0
945
97
920
1144
828
201
1030
155
1101
161
803
154
2
869
1164
576
132
854
1079
1110
1099
897
853
831
1181
1138
74
890
850
899
852
410
71
879
123
4
934
93
794
971
1062
1152
1178
1002
78
999
834
954
41
1020
1087
921
24
958
1013
871
896
992
859
1064
135
1067
926
19
147
1173
840
1115
157
980
910
67
818
844
918
1177
1081
1032
202
1119
1092
1036
95
770
1022
111
1137
832
1127
141
810
98
134
56
